   t     VP     VC          I    DPER    DUR      WAR     G       P        Z
 1876  51.484    na        -1       0   -1.50       0   5.110    na       na  
 1880  49.780    na        -1       0   -1.75       0   3.879   1.974       9
 1884  50.154    na        -1       0   -2.00       0   1.589   1.055       2
 1888  50.414    na         1       1    0.00       0  -5.553   0.604       3
 1892  51.732    na        -1      -1    0.00       0   2.763   2.274       7
 1896  47.760  48.081       1       0    0.00       0 -10.024   3.410       6
 1900  46.829  46.604      -1      -1    0.00       0  -1.425   2.548       7
 1904  39.994  43.659      -1      -1   -1.00       0  -2.421   1.442       5
 1908  45.517  48.107      -1       0   -1.25       0  -6.281   1.879       8
 1912  45.292  57.111      -1      -1   -1.50       0   4.164   2.172       8
 1916  51.682  48.881       1       1    0.00       0   2.229   4.252       3
 1920  36.148  37.957       1       0    1.00       1 -11.463   0.000       0
 1924  41.737  42.093      -1      -1    0.00       0  -3.872   5.161      10
 1928  41.244  42.838      -1       0   -1.00       0   4.623   0.183       7
 1932  59.149  56.874      -1      -1   -1.25       0 -14.361   6.926       4
 1936  62.226  58.476       1       1    0.00       0  11.616   2.467       9
 1940  54.983  52.967       1       1    1.00       0   3.963   0.041       8
 1944  53.778  51.718       1       1    1.25       1   4.067   0.000       0
 1948  52.319  53.190       1       1    1.50       1   3.351   0.000       0
 1952  44.710  49.944       1       0    1.75       0   1.031   2.367       7
 1956  42.906  50.970      -1      -1    0.00       0  -1.250   1.894       5
 1960  50.087  54.790      -1       0   -1.00       0   0.645   1.972       5
 1964  61.203  57.324       1       1    0.00       0   5.098   1.234       9
 1968  49.425  50.921       1       0    1.00       0   5.109   3.086       7
 1972  38.209  52.660      -1      -1    0.00       0   5.863   4.812       4
 1976  51.049  56.850      -1       0   -1.00       0   3.827   7.476       5
 1980  44.842  51.383       1       1    0.00       0  -3.596   7.827       5
 1984  40.877  52.778      -1      -1    0.00       0   5.437   5.277       8
 1988  46.168  54.011      -1       0   -1.00       0   2.343   2.817       4
 1992  53.621  52.744      -1      -1   -1.25       0   3.053   3.210       3
 1996  54.737  50.158       1       1    0.00       0   3.300   2.040       4
 2000  50.262  49.819       1       0    1.00       0   2.013   1.644       7
 2004  48.767  48.632      -1      -1    0.00       0   2.187   2.115       2
 2008  53.689  55.535      -1       0   -1.00       0  -1.387   2.717       2
 2012  52.010  50.681       1       1    0.00       0   1.181   1.421       2
 2016  51.163  50.546       1       0    1.00       0   1.245   1.349       2
 2020  52.249  51.556      -1      -1    0.00       0  -3.508   1.828       2

    t     VCC        I     WAR    GCC     PCC    ZCC
 1878    na        -1       0   5.853   6.669  8.5714
 1882    na        -1       0   2.360   2.659  2.1429
 1886    na         1       0   4.472   2.788  4.2857
 1890    na        -1       0   6.686   1.352  8.5714
 1894    na         1       0   5.698   3.446  2.1429
 1898  50.541      -1       0  -5.473   0.693  8.5714
 1902  48.680      -1       0  -2.255   1.715  6.4286
 1906  46.548      -1       0   7.674   1.201 12.8571
 1910  50.497      -1       0  -3.795   2.960  8.5714
 1914  50.338       1       0  -5.661   1.465  0.0000
 1918  45.096       1       1  22.006   0.000  0.0000
 1922  46.400      -1       0  14.368  11.480 12.8571
 1926  41.572      -1       0   3.461   0.117 10.7143
 1930  45.741      -1       0 -11.194   2.077  4.2857
 1934  56.509       1       0  12.767   3.966  8.5714
 1938  50.815       1       0   4.601   0.089  6.4286
 1942  47.664       1       1  16.069   0.000  0.0000
 1946  45.277       1       1  -4.428   0.000  0.0000
 1950  50.044       1       0  13.434   0.198  6.4286
 1954  52.537      -1       0  -0.720   0.785  2.1429
 1958  55.983      -1       0  -1.167   2.711  2.1429
 1962  52.492       1       0   3.800   1.091 10.7143
 1966  51.250       1       0   3.771   2.574 10.7143
 1970  54.403      -1       0   0.019   5.022  2.1429
 1974  58.530      -1       0  -2.955   8.121  4.2857
 1978  54.416       1       0   5.945   6.711  8.5714
 1982  55.994      -1       0  -2.868   7.223  4.2857
 1986  55.085      -1       0   2.258   2.352  2.1429
 1990  54.177      -1       0   0.838   3.828  4.2857
 1994  46.476       1       0   2.716   2.207  4.2857
 1998  49.533       1       0   3.141   1.362  6.4286
 2002  47.562      -1       0   1.542   1.793  0.0000
 2006  54.120      -1       0   1.387   3.199  4.2857
 2010  46.561       1       0   2.196   0.730  2.1429
 2014  46.973       1       0   2.026   1.824  4.2857
 2018  54.447      -1       0   2.284   2.205  2.1429
 2022  48.400       1       0  -0.160   6.558  6.4286
